tf.Tensor(
[0.3827143  0.3842425  0.38701376 0.38979447 0.3937018  0.39648253
 0.399432   0.40116704 0.40292096 0.40405703 0.40650746 0.40863702
 0.41137502 0.4134903  0.41607377 0.4170958  0.41826984 0.4181272
 0.4188616  0.41988596 0.4206085  0.42100775 0.42095783 0.42060137
 0.42150685 0.422372   0.42329416 0.4232823  0.42428288 0.4263981
 0.42755082 0.4270612  0.42763638 0.4282496  0.42891032 0.42925492
 0.42986575 0.43018895 0.4301153  0.4298277  0.4295948  0.42884144
 0.42810225 0.42823297 0.42876536 0.42984438 0.4313298  0.4318788
 0.431413   0.43056688 0.42989427 0.42984435 0.42969936 0.42997506
 0.4305954  0.43026504 0.42929062 0.42890796 0.42871782 0.42863938
 0.4283328  0.42760077 0.4271135  0.4257921  0.4251456  0.4232609
 0.42246467 0.4217778  0.42149973 0.4211979  0.42256925 0.422246
 0.42207012 0.42164707 0.42142132 0.42138088 0.42107192 0.42102677
 0.42171365 0.42171127 0.4213334  0.42148313 0.41975763 0.42140943
 0.41869998 0.41485924 0.41404882 0.41130367 0.41400602 0.4155746
 0.41652533 0.416801   0.41718602 0.41724542 0.4169674  0.41710287
 0.41677728 0.41667977 0.4164397  0.4160951  0.4163138  0.4168485
 0.41736904 0.4179537  0.41799885 0.4183482  0.41879028 0.4187024
 0.41880456 0.41908267 0.41950336 0.41974816 0.42016882 0.420454
 0.42033044 0.42014742 0.42023298 0.4202306  0.420271   0.42066315
 0.4203898  0.42069405 0.42118132 0.42117894 0.42131206 0.4215188
 0.42163527 0.4214261  0.4212122  0.42118844 0.4211647  0.42125022
 0.42196083 0.4228307  0.4234867  0.42389548 0.4232538  0.4232538
 0.4241997  0.42353183 0.42301846 0.42178258 0.42185387 0.4226691
 0.4208319  0.42002618 0.41838863 0.41726208 0.41638982 0.4161593
 0.41659656 0.41698876 0.41718125 0.41743794 0.4175378  0.41750452
 0.4173238  0.41691744 0.41685802 0.41691747 0.41675586 0.41687712
 0.41710523 0.4172787  0.41761854 0.41781345 0.41799408 0.41866195
 0.4189709  0.42000005 0.42186102 0.4213928  0.42216995 0.42248845
 0.42203927 0.42180395 0.42247894 0.42281404 0.4229781  0.42357698
 0.4244873  0.42504817 0.42519078 0.4256495  0.42569706 0.4256685
 0.42539045 0.42552832 0.4253738  0.42514795 0.42552114 0.42594898
 0.4254     0.42506957 0.4254546  0.42628643 0.42670235 0.42714682
 0.4276079  0.42836607 0.42857286 0.42881048 0.4297564  0.43069044
 0.4311135  0.4317909  0.4322781  0.4322948  0.43329772 0.43352115
 0.4336899  0.4339347  0.43463582 0.43571723 0.43646112 0.43710282
 0.4379489  0.4384552  0.43942246 0.44040167 0.44077486 0.44124782
 0.44169226 0.4422175  0.44332746 0.44295195 0.44210345 0.4420155
 0.44221985 0.44207016 0.4418016  0.4419751  0.44273326 0.44310638
 0.44392875 0.44520742 0.44605118 0.4466881  0.44713968 0.4475342
 0.4472371  0.44745818 0.44745812 0.4472466  0.44723475 0.44770533
 0.44796437 0.4487653  0.4491385  0.44862747 0.44814977 0.44814026
 0.44802615 0.44810936 0.44812837 0.4481141  0.44863218 0.4484159
 0.44848245 0.44910997 0.4498491  0.45011294 0.45054546 0.45163396
 0.45244685 0.45394412 0.45471185 0.45431492 0.45365188 0.45353305
 0.45346886 0.45369226 0.45342368 0.45239222 0.4508093  0.450082
 0.44954014 0.4487725  0.44741058 0.44623175 0.44421867 0.4438598
 0.4431991  0.4425907  0.4413952  0.44094363 0.44117653 0.4413073
 0.44107193 0.44122404 0.4408461  0.44057995 0.4410006  0.4409127
 0.44152588 0.44383603 0.44586095 0.4473702  0.449514   0.44945458
 0.4481355  0.44760314 0.4482021  0.4489531  0.44868457 0.44852057
 0.4488343  0.44940943 0.44960198 0.44925493 0.44867268 0.4486608
 0.4493476  0.449678   0.45071423 0.4515794  0.4523993  0.45314085
 0.4551682  0.457735   0.45826265 0.46047541 0.46260017 0.46252176
 0.46241003 0.46302086 0.46366256 0.46352234 0.46420443 0.46469408
 0.46598935 0.4685752  0.47138923 0.47264647 0.47501606 0.47802976
 0.4788164  0.47941056 0.48005468 0.48040882 0.48115987 0.48111704
 0.48026615 0.47978607 0.47896373 0.47924182 0.48005703 0.48074156
 0.48135713 0.48160666 0.48140225 0.48106238 0.48164707 0.48162332
 0.4802163  0.47909686 0.47938916 0.4784314  0.47713134 0.47725257
 0.47779205 0.4775259  0.4772454  0.47610694 0.47502792 0.4748663
 0.4752918  0.47589546 0.4760808  0.4760048  0.47664887 0.47710994
 0.4765657  0.4756459  0.4746429  0.47433636 0.47441235 0.47386098
 0.47449794 0.47283185 0.47019613 0.47037435 0.47135362 0.4698705
 0.46769583 0.4663815  0.46659538 0.467028   0.46708262 0.4667665
 0.46634585 0.46553302 0.4642377  0.46266904 0.46224126 0.46274987
 0.46281165 0.46234587 0.4617564  0.46100774 0.45940346 0.45843378
 0.4582864  0.4576566  0.45581463 0.4539869  0.45283183 0.4514272
 0.45080215 0.44979203 0.44763163 0.4454973  0.4451337  0.33980444
 0.3407449  0.34257734 0.34406057 0.3460615  0.3473305  0.34956166
 0.35025826 0.35170653 0.35261557 0.3542215  0.3554074  0.35727087
 0.35860428 0.35974863 0.3600211  0.36049846 0.36059836 0.36108482
 0.36153027 0.36209446 0.36236668 0.36256212 0.36237323 0.3628693
 0.3632505  0.36375278 0.3638068  0.3641887  0.3649543  0.36542022
 0.36537048 0.36502692 0.3652506  0.3656273  0.36584446 0.3661775
 0.3663249  0.36651018 0.36635277 0.36640027 0.36614567 0.36594182
 0.36584422 0.3662652  0.36668837 0.36725432 0.36738586 0.3673146
 0.3670197  0.36671582 0.3665958  0.36636165 0.3661558  0.3658805
 0.36543462 0.36456132 0.36437145 0.36432013 0.36403573 0.36397606
 0.3639142  0.36388624 0.36344424 0.36315796 0.36298338 0.3627977
 0.36260605 0.362538   0.36244825 0.36248598 0.36225438 0.36212748
 0.36206797 0.36196527 0.36192656 0.36191013 0.36205965 0.36210477
 0.36190808 0.36160794 0.36116406 0.35903028 0.35834348 0.35631415
 0.354582   0.35429674 0.35318473 0.3554517  0.3568468  0.35835215
 0.35919136 0.35945642 0.35949922 0.3590167  0.358895   0.35809776
 0.3580826  0.35793766 0.35782227 0.3578768  0.3579133  0.35782766
 0.3577738  0.3577026  0.35774568 0.35774395 0.35765368 0.35768044
 0.3577853  0.35794097 0.3578865  0.35800862 0.35807523 0.3580108
 0.35796043 0.35792318 0.35799304 0.35791302 0.3579681  0.35766923
 0.35792038 0.35814503 0.35814908 0.35826004 0.35834038 0.35839742
 0.3582225  0.35735574 0.3572417  0.3572702  0.35718894 0.35737652
 0.3575785  0.35744795 0.35738805 0.35705522 0.35707045 0.35709572
 0.35664374 0.35603088 0.35571393 0.35553575 0.35552993 0.3548109
 0.35428596 0.35327092 0.35278723 0.3519631  0.35186684 0.3514817
 0.35149345 0.35130244 0.35140643 0.35111222 0.35119653 0.35110465
 0.35101897 0.35091752 0.35076186 0.35044307 0.3504503  0.3502802
 0.35030553 0.35012335 0.35011318 0.3497915  0.3499574  0.34950927
 0.3499385  0.35026732 0.3502837  0.35027033 0.35035348 0.35024378
 0.35020128 0.3503806  0.35043445 0.35023552 0.35052124 0.35052076
 0.35063967 0.35017386 0.35018334 0.34994927 0.3498375  0.34922948
 0.34934926 0.34911066 0.3491544  0.34917575 0.34913358 0.348663
 0.34861776 0.3485697  0.3488537  0.34876168 0.3490831  0.3488119
 0.34899887 0.34833536 0.34863728 0.3486673  0.34917983 0.3489001
 0.34924403 0.34949777 0.3495153  0.34969094 0.35006636 0.34968284
 0.34985512 0.34998035 0.35042307 0.35017255 0.3504065  0.35017452
 0.35039467 0.3503423  0.35080552 0.35082853 0.3511763  0.3510705
 0.35117596 0.35146287 0.35157874 0.3507902  0.3507167  0.35066572
 0.350756   0.3502604  0.35023546 0.35001588 0.35023567 0.35001677
 0.35047913 0.35062647 0.35105574 0.35125032 0.3512557  0.35097352
 0.35126275 0.35136348 0.35137054 0.35110065 0.3512464  0.35082212
 0.35105556 0.35104805 0.35090572 0.35027975 0.3502092  0.34987548
 0.34989694 0.34962478 0.34966984 0.34973884 0.34955415 0.34927154
 0.34955412 0.3497583  0.35000432 0.34990615 0.35015708 0.3494558
 0.3500792  0.3501375  0.35004655 0.3496779  0.34960485 0.3492697
 0.3491477  0.34887877 0.34842244 0.34720615 0.34658995 0.3460485
 0.34568512 0.34478995 0.34422123 0.3432191  0.34299475 0.34234354
 0.34223273 0.3412864  0.34102112 0.3405642  0.34029067 0.34001997
 0.340388   0.340178   0.33998457 0.33991536 0.33994275 0.33989248
 0.34057054 0.34112948 0.34206933 0.34270316 0.34282786 0.3421141
 0.3419539  0.34221488 0.34220576 0.34194747 0.3422337  0.3423056
 0.34234598 0.34236336 0.34236485 0.34213513 0.34179595 0.34213716
 0.34225217 0.34278873 0.34337732 0.34406218 0.3450633  0.3459981
 0.34676766 0.34707823 0.34841147 0.34898233 0.34890562 0.34890565
 0.3493616  0.34960896 0.34961697 0.34907213 0.34905964 0.34952578
 0.3502323  0.35140997 0.3522207  0.3533967  0.35393742 0.353658
 0.35382557 0.35358444 0.35352325 0.3534163  0.35328794 0.35307333
 0.35292497 0.35191306 0.35192746 0.3517737  0.3519     0.3519733
 0.35198292 0.35192087 0.3518313  0.35140833 0.35146877 0.35091278
 0.35051352 0.35003838 0.34992307 0.34958193 0.3495268  0.34898072
 0.34896052 0.34864783 0.34849027 0.34825784 0.34813613 0.34806818
 0.34802866 0.34756696 0.34758157 0.3475477  0.347559   0.3469445
 0.34668928 0.34595406 0.3459888  0.34559387 0.34555256 0.34506148
 0.3448299  0.34390515 0.34380975 0.34397256 0.34356138 0.3429106
 0.34287015 0.34262756 0.34256196 0.34226888 0.3421775  0.34176612
 0.34158155 0.34110403 0.34089607 0.34037173 0.34032714 0.34018788
 0.34013838 0.3398573  0.33956468 0.3383274  0.3381018  0.33756763
 0.33717522 0.33638525 0.33599642 0.33517    0.3347428  0.33430538
 0.3344107  0.33359972 0.33314967 0.33271354], shape=(826,), dtype=float32)
 
 Tensor("Network/concat:0", shape=(?, 6), dtype=float32)
 
 
 
 
 
 mean
Tensor("Network/moments/Squeeze:0", shape=(?, 3), dtype=float32)
mean2
sigma
Tensor("Network/Sqrt:0", shape=(?, 3), dtype=float32)
sigma2
















mean
tf.Tensor(
[0.3827143  0.3842425  0.38701376 0.38979447 0.3937018  0.39648253
 0.399432   0.40116704 0.40292096 0.40405703 0.40650746 0.40863702
 0.41137502 0.4134903  0.41607377 0.4170958  0.41826984 0.4181272
 0.4188616  0.41988596 0.4206085  0.42100775 0.42095783 0.42060137
 0.42150685 0.422372   0.42329416 0.4232823  0.42428288 0.4263981
 0.42755082 0.4270612  0.42763638 0.4282496  0.42891032 0.42925492
 0.42986575 0.43018895 0.4301153  0.4298277  0.4295948  0.42884144
 0.42810225 0.42823297 0.42876536 0.42984438 0.4313298  0.4318788
 0.431413   0.43056688 0.42989427 0.42984435 0.42969936 0.42997506
 0.4305954  0.43026504 0.42929062 0.42890796 0.42871782 0.42863938
 0.4283328  0.42760077 0.4271135  0.4257921  0.4251456  0.4232609
 0.42246467 0.4217778  0.42149973 0.4211979  0.42256925 0.422246
 0.42207012 0.42164707 0.42142132 0.42138088 0.42107192 0.42102677
 0.42171365 0.42171127 0.4213334  0.42148313 0.41975763 0.42140943
 0.41869998 0.41485924 0.41404882 0.41130367 0.41400602 0.4155746
 0.41652533 0.416801   0.41718602 0.41724542 0.4169674  0.41710287
 0.41677728 0.41667977 0.4164397  0.4160951  0.4163138  0.4168485
 0.41736904 0.4179537  0.41799885 0.4183482  0.41879028 0.4187024
 0.41880456 0.41908267 0.41950336 0.41974816 0.42016882 0.420454
 0.42033044 0.42014742 0.42023298 0.4202306  0.420271   0.42066315
 0.4203898  0.42069405 0.42118132 0.42117894 0.42131206 0.4215188
 0.42163527 0.4214261  0.4212122  0.42118844 0.4211647  0.42125022
 0.42196083 0.4228307  0.4234867  0.42389548 0.4232538  0.4232538
 0.4241997  0.42353183 0.42301846 0.42178258 0.42185387 0.4226691
 0.4208319  0.42002618 0.41838863 0.41726208 0.41638982 0.4161593
 0.41659656 0.41698876 0.41718125 0.41743794 0.4175378  0.41750452
 0.4173238  0.41691744 0.41685802 0.41691747 0.41675586 0.41687712
 0.41710523 0.4172787  0.41761854 0.41781345 0.41799408 0.41866195
 0.4189709  0.42000005 0.42186102 0.4213928  0.42216995 0.42248845
 0.42203927 0.42180395 0.42247894 0.42281404 0.4229781  0.42357698
 0.4244873  0.42504817 0.42519078 0.4256495  0.42569706 0.4256685
 0.42539045 0.42552832 0.4253738  0.42514795 0.42552114 0.42594898
 0.4254     0.42506957 0.4254546  0.42628643 0.42670235 0.42714682
 0.4276079  0.42836607 0.42857286 0.42881048 0.4297564  0.43069044
 0.4311135  0.4317909  0.4322781  0.4322948  0.43329772 0.43352115
 0.4336899  0.4339347  0.43463582 0.43571723 0.43646112 0.43710282
 0.4379489  0.4384552  0.43942246 0.44040167 0.44077486 0.44124782
 0.44169226 0.4422175  0.44332746 0.44295195 0.44210345 0.4420155
 0.44221985 0.44207016 0.4418016  0.4419751  0.44273326 0.44310638
 0.44392875 0.44520742 0.44605118 0.4466881  0.44713968 0.4475342
 0.4472371  0.44745818 0.44745812 0.4472466  0.44723475 0.44770533
 0.44796437 0.4487653  0.4491385  0.44862747 0.44814977 0.44814026
 0.44802615 0.44810936 0.44812837 0.4481141  0.44863218 0.4484159
 0.44848245 0.44910997 0.4498491  0.45011294 0.45054546 0.45163396
 0.45244685 0.45394412 0.45471185 0.45431492 0.45365188 0.45353305
 0.45346886 0.45369226 0.45342368 0.45239222 0.4508093  0.450082
 0.44954014 0.4487725  0.44741058 0.44623175 0.44421867 0.4438598
 0.4431991  0.4425907  0.4413952  0.44094363 0.44117653 0.4413073
 0.44107193 0.44122404 0.4408461  0.44057995 0.4410006  0.4409127
 0.44152588 0.44383603 0.44586095 0.4473702  0.449514   0.44945458
 0.4481355  0.44760314 0.4482021  0.4489531  0.44868457 0.44852057
 0.4488343  0.44940943 0.44960198 0.44925493 0.44867268 0.4486608
 0.4493476  0.449678   0.45071423 0.4515794  0.4523993  0.45314085
 0.4551682  0.457735   0.45826265 0.46047541 0.46260017 0.46252176
 0.46241003 0.46302086 0.46366256 0.46352234 0.46420443 0.46469408
 0.46598935 0.4685752  0.47138923 0.47264647 0.47501606 0.47802976
 0.4788164  0.47941056 0.48005468 0.48040882 0.48115987 0.48111704
 0.48026615 0.47978607 0.47896373 0.47924182 0.48005703 0.48074156
 0.48135713 0.48160666 0.48140225 0.48106238 0.48164707 0.48162332
 0.4802163  0.47909686 0.47938916 0.4784314  0.47713134 0.47725257
 0.47779205 0.4775259  0.4772454  0.47610694 0.47502792 0.4748663
 0.4752918  0.47589546 0.4760808  0.4760048  0.47664887 0.47710994
 0.4765657  0.4756459  0.4746429  0.47433636 0.47441235 0.47386098
 0.47449794 0.47283185 0.47019613 0.47037435 0.47135362 0.4698705
 0.46769583 0.4663815  0.46659538 0.467028   0.46708262 0.4667665
 0.46634585 0.46553302 0.4642377  0.46266904 0.46224126 0.46274987
 0.46281165 0.46234587 0.4617564  0.46100774 0.45940346 0.45843378
 0.4582864  0.4576566  0.45581463 0.4539869  0.45283183 0.4514272
 0.45080215 0.44979203 0.44763163 0.4454973  0.4451337 ], shape=(413,), dtype=float32)
mean2
sigma
tf.Tensor(
[0.33980444 0.3407449  0.34257734 0.34406057 0.3460615  0.3473305
 0.34956166 0.35025826 0.35170653 0.35261557 0.3542215  0.3554074
 0.35727087 0.35860428 0.35974863 0.3600211  0.36049846 0.36059836
 0.36108482 0.36153027 0.36209446 0.36236668 0.36256212 0.36237323
 0.3628693  0.3632505  0.36375278 0.3638068  0.3641887  0.3649543
 0.36542022 0.36537048 0.36502692 0.3652506  0.3656273  0.36584446
 0.3661775  0.3663249  0.36651018 0.36635277 0.36640027 0.36614567
 0.36594182 0.36584422 0.3662652  0.36668837 0.36725432 0.36738586
 0.3673146  0.3670197  0.36671582 0.3665958  0.36636165 0.3661558
 0.3658805  0.36543462 0.36456132 0.36437145 0.36432013 0.36403573
 0.36397606 0.3639142  0.36388624 0.36344424 0.36315796 0.36298338
 0.3627977  0.36260605 0.362538   0.36244825 0.36248598 0.36225438
 0.36212748 0.36206797 0.36196527 0.36192656 0.36191013 0.36205965
 0.36210477 0.36190808 0.36160794 0.36116406 0.35903028 0.35834348
 0.35631415 0.354582   0.35429674 0.35318473 0.3554517  0.3568468
 0.35835215 0.35919136 0.35945642 0.35949922 0.3590167  0.358895
 0.35809776 0.3580826  0.35793766 0.35782227 0.3578768  0.3579133
 0.35782766 0.3577738  0.3577026  0.35774568 0.35774395 0.35765368
 0.35768044 0.3577853  0.35794097 0.3578865  0.35800862 0.35807523
 0.3580108  0.35796043 0.35792318 0.35799304 0.35791302 0.3579681
 0.35766923 0.35792038 0.35814503 0.35814908 0.35826004 0.35834038
 0.35839742 0.3582225  0.35735574 0.3572417  0.3572702  0.35718894
 0.35737652 0.3575785  0.35744795 0.35738805 0.35705522 0.35707045
 0.35709572 0.35664374 0.35603088 0.35571393 0.35553575 0.35552993
 0.3548109  0.35428596 0.35327092 0.35278723 0.3519631  0.35186684
 0.3514817  0.35149345 0.35130244 0.35140643 0.35111222 0.35119653
 0.35110465 0.35101897 0.35091752 0.35076186 0.35044307 0.3504503
 0.3502802  0.35030553 0.35012335 0.35011318 0.3497915  0.3499574
 0.34950927 0.3499385  0.35026732 0.3502837  0.35027033 0.35035348
 0.35024378 0.35020128 0.3503806  0.35043445 0.35023552 0.35052124
 0.35052076 0.35063967 0.35017386 0.35018334 0.34994927 0.3498375
 0.34922948 0.34934926 0.34911066 0.3491544  0.34917575 0.34913358
 0.348663   0.34861776 0.3485697  0.3488537  0.34876168 0.3490831
 0.3488119  0.34899887 0.34833536 0.34863728 0.3486673  0.34917983
 0.3489001  0.34924403 0.34949777 0.3495153  0.34969094 0.35006636
 0.34968284 0.34985512 0.34998035 0.35042307 0.35017255 0.3504065
 0.35017452 0.35039467 0.3503423  0.35080552 0.35082853 0.3511763
 0.3510705  0.35117596 0.35146287 0.35157874 0.3507902  0.3507167
 0.35066572 0.350756   0.3502604  0.35023546 0.35001588 0.35023567
 0.35001677 0.35047913 0.35062647 0.35105574 0.35125032 0.3512557
 0.35097352 0.35126275 0.35136348 0.35137054 0.35110065 0.3512464
 0.35082212 0.35105556 0.35104805 0.35090572 0.35027975 0.3502092
 0.34987548 0.34989694 0.34962478 0.34966984 0.34973884 0.34955415
 0.34927154 0.34955412 0.3497583  0.35000432 0.34990615 0.35015708
 0.3494558  0.3500792  0.3501375  0.35004655 0.3496779  0.34960485
 0.3492697  0.3491477  0.34887877 0.34842244 0.34720615 0.34658995
 0.3460485  0.34568512 0.34478995 0.34422123 0.3432191  0.34299475
 0.34234354 0.34223273 0.3412864  0.34102112 0.3405642  0.34029067
 0.34001997 0.340388   0.340178   0.33998457 0.33991536 0.33994275
 0.33989248 0.34057054 0.34112948 0.34206933 0.34270316 0.34282786
 0.3421141  0.3419539  0.34221488 0.34220576 0.34194747 0.3422337
 0.3423056  0.34234598 0.34236336 0.34236485 0.34213513 0.34179595
 0.34213716 0.34225217 0.34278873 0.34337732 0.34406218 0.3450633
 0.3459981  0.34676766 0.34707823 0.34841147 0.34898233 0.34890562
 0.34890565 0.3493616  0.34960896 0.34961697 0.34907213 0.34905964
 0.34952578 0.3502323  0.35140997 0.3522207  0.3533967  0.35393742
 0.353658   0.35382557 0.35358444 0.35352325 0.3534163  0.35328794
 0.35307333 0.35292497 0.35191306 0.35192746 0.3517737  0.3519
 0.3519733  0.35198292 0.35192087 0.3518313  0.35140833 0.35146877
 0.35091278 0.35051352 0.35003838 0.34992307 0.34958193 0.3495268
 0.34898072 0.34896052 0.34864783 0.34849027 0.34825784 0.34813613
 0.34806818 0.34802866 0.34756696 0.34758157 0.3475477  0.347559
 0.3469445  0.34668928 0.34595406 0.3459888  0.34559387 0.34555256
 0.34506148 0.3448299  0.34390515 0.34380975 0.34397256 0.34356138
 0.3429106  0.34287015 0.34262756 0.34256196 0.34226888 0.3421775
 0.34176612 0.34158155 0.34110403 0.34089607 0.34037173 0.34032714
 0.34018788 0.34013838 0.3398573  0.33956468 0.3383274  0.3381018
 0.33756763 0.33717522 0.33638525 0.33599642 0.33517    0.3347428
 0.33430538 0.3344107  0.33359972 0.33314967 0.33271354], shape=(413,), dtype=float32)
sigma2


filename_tensor
Tensor("Const:0", shape=(5,), dtype=string)
filename_tensor2


filename_tensor
tf.Tensor(
[b'/home/nicolas/github/Algoritmos_vision/VideoUnderwaterEnhanced/img/input/3.jpg'
 b'/home/nicolas/github/Algoritmos_vision/VideoUnderwaterEnhanced/img/input/2.jpg'
 b'/home/nicolas/github/Algoritmos_vision/VideoUnderwaterEnhanced/img/input/1.jpg'], shape=(3,), dtype=string)
filename_tensor2

























